0
0
0
1

8
2
4
9

9
3
9
16

10
3
9
16

66161955
8133
66145689
66161956

66161956
8134
66161956
66178225

66161957
8134
66161956
66178225

33192887369195861703840
182189152720
33192887368831483398400
33192887369195861703841

33192887369195861703841
182189152721
33192887369195861703841
33192887369560240009284

33192887369195861703842
182189152721
33192887369195861703841
33192887369560240009284

1092546140619339541844862897115996008
1045249319836822252
1092546140619339539754364257442351504
1092546140619339541844862897115996009

1092546140619339541844862897115996009
1045249319836822253
1092546140619339541844862897115996009
1092546140619339543935361536789640516

1092546140619339541844862897115996010
1045249319836822253
1092546140619339541844862897115996009
1092546140619339543935361536789640516

4002145756106273790245163670016606843071061962653568899
2000536367104150843770768669
4002145756106273790245163666015534108862760275112031561
4002145756106273790245163670016606843071061962653568900

4002145756106273790245163670016606843071061962653568900
2000536367104150843770768670
4002145756106273790245163670016606843071061962653568900
4002145756106273790245163674017679577279363650195106241

4002145756106273790245163670016606843071061962653568901
2000536367104150843770768670
4002145756106273790245163670016606843071061962653568900
4002145756106273790245163674017679577279363650195106241

6842068205689139772478311433213459728528110813976925239708334289219135
82716795185071935743077872114868055
6842068205689139772478311433213459563094520443833053753552590059483025
6842068205689139772478311433213459728528110813976925239708334289219136

6842068205689139772478311433213459728528110813976925239708334289219136
82716795185071935743077872114868056
6842068205689139772478311433213459728528110813976925239708334289219136
6842068205689139772478311433213459893961701184120796725864078518955249

6842068205689139772478311433213459728528110813976925239708334289219137
82716795185071935743077872114868056
6842068205689139772478311433213459728528110813976925239708334289219136
6842068205689139772478311433213459893961701184120796725864078518955249

