116
5
922
1290
Impossible.
7857393599120
112623845022
12122893419741
8909586698130
225992203459
14452426315466
9732113655064
11479195535440
3972479144506
735192824100
15316845074610
Impossible.
Impossible.
242538423762
Impossible.
40541815928504
Impossible.
496497320242
469035449046
17734272161600
25893128670453
53075665015914
124056064680
820959580136
233567336900
5888014842474
Impossible.
24561010306752
14222749607980
782305567589
15415921691721
Impossible.
5832049385709
10450687792281
1069788679960
1697182477716
488182909724
4122749742885
3716878973376
3481198141267
432618601791
Impossible.
2017969505873
32785260985352
24868280803116
724961304462
15211814033725
Impossible.
Impossible.
Impossible.
4384301799546
289365216129
5478662591478
1740154306419
Impossible.
3708390980109
6422012865658
4092090877876
Impossible.
200327826308
24936287122
14455190610930
114082388272
9433520929364
Impossible.
227554862423
8991129861620
3150855043116
Impossible.
3282125612740
10639796594377
517055003230
258591597360
5131757651915
Impossible.
13625879747514
14730196687478
15659558893635
Impossible.
3723607643367
Impossible.
1527060585630
16733885438866
63165541122
18357922080
49574189075
Impossible.
3244622642360
6031218304817
5932888236820
13613537591946
8916591592704
18134247953890
1301157838870
3834684286476
Impossible.
961397075205
17293389960
17028463346388
Impossible.
請按任意鍵繼續 . . . 
