Data 1 :
-1.6850 0.0000
0.2757 0.9014
-0.7981 0.2562
-0.4445 -0.5376
0.0521 -0.3480
0.0946 -0.1337
0.0744 -0.0421
-0.0793 -0.0450
-0.0950 -0.2400
0.1376 -0.2361
0.1340 -0.0236
0.0586 -0.0269
0.0379 -0.0480
0.1001 -0.1005
0.1297 -0.0453
0.0971 0.0406
0.2150 0.0000
0.0971 -0.0406
0.1297 0.0453
0.1001 0.1005
0.0379 0.0480
0.0586 0.0269
0.1340 0.0236
0.1376 0.2361
-0.0950 0.2400
-0.0793 0.0450
0.0744 0.0421
0.0946 0.1337
0.0521 0.3480
-0.4445 0.5376
-0.7981 -0.2562
0.2757 -0.9014

Data 2 :
-2.4000 0.0000
0.0000 0.0000
0.0000 0.0000
0.0000 0.0000
0.3146 0.4746
0.0000 0.0000
0.0000 0.0000
0.0000 0.0000
-0.2000 0.4000
0.0000 0.0000
0.0000 0.0000
0.0000 0.0000
-0.1946 0.0346
0.0000 0.0000
0.0000 0.0000
0.0000 0.0000
-0.3200 0.0000
0.0000 0.0000
0.0000 0.0000
0.0000 0.0000
-0.1946 -0.0346
0.0000 0.0000
0.0000 0.0000
0.0000 0.0000
-0.2000 -0.4000
0.0000 0.0000
0.0000 0.0000
0.0000 0.0000
0.3146 -0.4746
0.0000 0.0000
0.0000 0.0000
0.0000 0.0000

Data 3 :
2.0900 0.0000
-2.3567 -0.0497
0.3718 0.2643
-0.1181 0.3058
-0.1462 0.1016
0.0185 0.1097
-0.0846 0.0870
-0.0381 0.0626
-0.0800 0.0500
-0.0548 0.0579
-0.1029 0.0343
-0.0533 0.0161
-0.1038 0.0116
-0.0533 0.0132
-0.0644 -0.0084
-0.1042 -0.0534
-0.1500 0.0000
-0.1042 0.0534
-0.0644 0.0084
-0.0533 -0.0132
-0.1038 -0.0116
-0.0533 -0.0161
-0.1029 -0.0343
-0.0548 -0.0579
-0.0800 -0.0500
-0.0381 -0.0626
-0.0846 -0.0870
0.0185 -0.1097
-0.1462 -0.1016
-0.1181 -0.3058
0.3718 -0.2643
-2.3567 0.0497

Data 4 :
-0.6400 0.0000
0.0000 0.0000
0.0000 0.0000
0.0000 0.0000
0.0000 0.0000
0.0000 0.0000
0.0000 0.0000
0.0000 0.0000
-0.0400 -0.0400
0.0000 0.0000
0.0000 0.0000
0.0000 0.0000
0.0000 0.0000
0.0000 0.0000
0.0000 0.0000
0.0000 0.0000
0.0800 0.0000
0.0000 0.0000
0.0000 0.0000
0.0000 0.0000
0.0000 0.0000
0.0000 0.0000
0.0000 0.0000
0.0000 0.0000
-0.0400 0.0400
0.0000 0.0000
0.0000 0.0000
0.0000 0.0000
0.0000 0.0000
0.0000 0.0000
0.0000 0.0000
0.0000 0.0000

